ONS MICROFENHNG PROJ'ECT
101 0111101

682-1159.

1111 1100101110111 110101111 1111111 01
Μ1ΜΜΜΜΜΜΜΜΜΜ.ΜΜ
11110111 11101111011115 01 l praefatione 101.

011111 1 101101 111111] 1111-1112.

10501111101 1101011 1 1110296.1

111 1103101100111 11011011131 1111111 01

11.

1711.

Mmffistywcffloewhmmm ΝΜ 1ΜΜΜΠ1

011 01 101111013 110501111101 1101011 1110296.1
03110 1011111.

11111

0115110 01 1101011 10 110 00111111115
01 Smyrna. 11111011 11 111111101003.
1 01 1111011, d. 01. 110. 111010110.

35111 Microfilm

Q4„Q!

'es for oversize material

11.11’

11;128·11

 

