185 135555515 85555555515 62222222

5555 5555 555' 5555'55'555 W5 555515555‘5555’555'-
222222 ’2222 1322262222-22222 2622622222, 2 22262 ’
lorum (5 Virtutum 55 55'55'55'7555 2262 62262222,
22 22262 22222222, 2·2 5555 55555 262 2662222,
· 5555555 justorum generis 226 5555555 26262 85 262
555' 2262222 2222262262 6222622 55¹5 ζ622’ 2262262
5555: benedico 22, 555- 2212622226 22, '5'555555
2622 me 555 662 22222 555 5555 262 5555'555 5555
555 62222 555555555 es 22 5'555 226222, τὲ 5555
partem 22222222 6222222- 5555 555'5555 6262 5555 555-
50 Martyrum 222222, in 5555 555'5555 22, ἐν τῷ 222-
226622 555 6 226 55 22- 555 5¹55 26 222226 22, 262
622266222222622 222222, 6262222 62262 55555'5,
22 222 5‘5 2222222622 , 62 62226222 226 26222222,
6222222226 222 82222222 san 55 550555 555 1155 555555555
’ 55: 62222 5505 55 2222 6262 62 5555 5555555-
62662622 62662 222222 55 62622 2262262 2·2 26222-
5'55 62266262262226 2622 555 5'5 62262 555 55 222
,5 2222222222262262 22 5555- 5555555555‚ 226 62 5555
222262 5 22222262266 555'555555 5255555 22222222-
(5⁹ adimplevisti, 222262- 55'555555 222 6266222222,
266 226622 22 22222 66622662 5555 6226262
Deus. Qapropter 62 (2262. 2262222 226 ,22226
2226622 62262 22, 6222 2262222 26 26 22, 5555555
22 22 gor 622 22, 2222 22626662 55‚3 26226
62222 222222 (6 226626 ,72- 26222622 555 6222222622 1226
62 Chr 62 5555 222 222226, 62222226 22
555¹ 530 2222 5555 555 (5 222266· 22262 ’ 222 226

5555 226226 6226226262, 5 11555'55555 5‘5555 5 6662,
2222 26 2 622222 22262 226 262 222 2262· 262 2262·
262222. 22222 266222. 222262 ¹

1 Π2 55555Euseb 2Euseb 55555555 26222 226 22226222, 3-EU

seb. 622626· 55555'85'555555555 1555), 5555 ⁸(utihabet tv, 1626)
6222222222 222662 , ,

22. 555

 

